1111111111111111111111111111111111111111111111111111111111111111111111111111111111111111111111111111111111111111111111111111111111111111111111111111111111111111
1111111111111111111111111111111111111111111111111111111111111111111111111111111111111111111111111111111111111111111111111111111111111111111111111111111111111111
1111111111111111111111111111111111111111111111111111111111111111111111111111111111111111111111111111111111111111111111111111111111111111111111111111111111111111
1111111111111111111111111111111111111111111111111111111111111111111111111111111111111111111111111111111111111111111111111111111111111111111111111111111111111111
1111111111111111111111111111111111111111111111111111111111111111111111111111111111111111111111111111111111111111111111111111111111111111111111111111111111111111
1111111111111111111111111111111111111111111111111111111111111111111111111111111111111111111111111111111111111111111111111111111111111111111111111111111111111111
1111111111111111111111111111111111111111111111111111111111111111111111111111111111111111111111111111111111111111111111111111111111111111111111111111111111111111
1111111111111111111111111111111111111111111111111111111111111111111111111111111111111111111111111111111111111111111111111111111111111111111111111111111111111111
1111111111111111111111111111111111111111111111111111111111111111111111111111111111111111111111111111111111111111111111111111111111111111111111111111111111111111
1111111111111111111111111111111111111111111111111111111111111111111111111111111111111111111111111111111111111111111111111111111111111111111111111111111111111111
1111111111111111111111111111111111111111111111111111111111111111111111111111111111111111111111111111111111111111111111111111111111111111111111111111111111111111
1111111111111111111111111111111111111111111111111111111111111111111111111111111111111111111111111111111111111111111111111111111111111111111111111111111111111111
1111111111111111111111111111111111111111111111111111111111111111111111111111111111111111111111111111111111111111111111111111111111111111111111111111111111111111
1111111111111111111111111111111111111111111111111111111111111111111111111111111111111111111111111111111111111111111111111111111111111111111111111111111111111111
1111111111111111111111111111111111111111111111111111111111111111111111111111111111111111111111111111111111111111111111111111111111111111111111111111111111111111
1111111111111111111111111111111111111111111111111111111111111111111111111111111111111111111111111111111111111111111111111111111111111111111111111111111111111111
1111111111111111111111111111111111111111111111111111111111111111111111111111111111111111111111111111111111111111111111111111111111111111111111111111111111111111
1111111111111111111111111111111111111111111111111111111111111111111111111111111111111111111111111111111111111111111111111111111111111111111111111111111111111111
1111111111111111111111111111111111111111111111111111111111111111111122334445555555555444332211111111111111111111111111111111111111111111111111111111111111111111
1111111111111111111111111111111111111111111111111111111111111112345555555555555555555555555555432111111111111111111111111111111111111111111111111111111111111111
1111111111111111111111111111111111111111111111111111111111134555555555443322211111122233445555555554211111111111111111111111111111111111111111111111111111111111
1111111111111111111111111111111111111111111111111111111235555555432211111111111111111111111123445555554311111111111111111111111111111111111111111111111111111111
1111111111111111111111111111111111111111111111111111135555554321111111111111111111111111111111111234555554311111111111111111111111111111111111111111111111111111
1111111111111111111111111111111111111111111111111124555554211111111111111111111111111111111111111111134555554211111111111111111111111111111111111111111111111111
1111111111111111111111111111111111111111111111112455554211111111111111111111111111111111111111111111111135555542111111111111111111111111111111111111111111111111
1111111111111111111111111111111111111111111111255555421111111111111111111111111111111111111111111111111111245555421111111111111111111111111111111111111111111111
1111111111111111111111111111111111111111111114555531111111111111111111111111111111111111111111111111111111112455554111111111111111111111111111111111111111111111
1111111111111111111111111111111111111111111355554111111111111111111111111111111111111111111111111111111111111124555531111111111111111111111111111111111111111111
1111111111111111111111111111111111111111114555521111111111111111111111111111111111111111111111111111111111111111355554111111111111111111111111111111111111111111
1111111111111111111111111111111111111111255554111111123455555554321111111111111113455555554421111111111111111111114555521111111111111111111111111111111111111111
1111111111111111111111111111111111111112555531111113555555555555554211111111112455555555555555421111111111111111111355552111111111111111111111111111111111111111
1111111111111111111111111111111111111135555211111355555422111234555541111111145555432111123555553111111111111111111125555211111111111111111111111111111111111111
1111111111111111111111111111111111111255552111113555531111111111145555111111455542111111111125555411111111111111111112555521111111111111111111111111111111111111
1111111111111111111111111111111111112555521111125555211111111111113555411114555411111111111111555531111111111111111111255551111111111111111111111111111111111111
1111111111111111111111111111111111115555211111145552111111111111111455521115555111111111111111255551111111111111111111135554111111111111111111111111111111111111
1111111111111111111111111111111111145554111111145551111111111111111355521115554111111111111111155551111111111111111111114555311111111111111111111111111111111111
1111111111111111111111111111111111255551111111145552111111111111111455521115555111111111111111155551111111111111111111111555511111111111111111111111111111111111
1111111111111111111111111111111111455521111111125555111111111111113555511114555411111111111111455531111111111111111111111355531111111111111111111111111111111111
1111111111111111111111111111111111555411111111113555521111111111135555211111555541111111111124555411111111111111111111112355551111111111111111111111111111111111
1111111111111111111111111111111113555311111111111355555321111124555552111111145555432111123455554111111111111111111112355555551111111111111111111111111111111111
1111111111111111111111111111111114555111111111111124555555555555555311111111113555555555555555421111111111111111112455555543211111111111111111111111111111111111
1111111111111111111111111111111115555111111111111111134555555555321111111111111123555555555531111111111111111123455555543111111111111111111111111111111111111111
1111111111111111111111111111111125554111111111111111245555555555432111111111111234555555555542111111111111123555555542111111111111111111111111111111111111111111
1111111111111111111111111111111125553111111111112345555554323555555542111111235555555322455555543211111124555555432111111111111111111111111111111111111111111111
1111111111111111111111111111111125553111111112355555554211111113455555543245555554321111112355555554234555555431111111111111111111111111111111111111111111111111
1111111111111111111111111111111115554111112455555543211111111111112455555555554211111111111111345555555555321111111111111111111111111111111111111111111111111111
1111111111111111111111111111111115555113455555543111111111111111112355555555553211111111111111245555555555311111111111111111111111111111111111111111111111111111
1111111111111111111111111111111114555555555542111111111111111111355555555555555553111111111135555555555555554211111111111111111111111111111111111111111111111111
1111111111111111111111111111111113555555432111111111111111111114555543111111245555511111112555554211111234555541111111111111111111111111111111111111111111111111
1111111111111111111111111111111111555531111111111111111111111145554111111111111455551111125555311111111111255554111111111111111111111111111111111111111111111111
1111111111111111111111111111111111455521111111111111111111111355541111111111111135554111155552111111111111115555211111111111111111111111111111111111111111111111
1111111111111111111111111111111111255551111111111111111111111555511111111111111115555111255541111111111111112555411111111111111111111111111111111111111111111111
1111111111111111111111111111111111135554111111111111111111111555511111111111111114555111255531111111111111111555411111111111111111111111111111111111111111111111
1111111111111111111111111111111111115555311111111111111111111555521111111111111115555111255551111111111111113555411111111111111111111111111111111111111111111111
1111111111111111111111111111111111111555521111111111111111111355551111111111111145553111145554111111111111125555211111111111111111111111111111111111111111111111
1111111111111111111111111111111111111255552111111111111111111135555311111111112555541111115555421111111111355553111111111111111111111111111111111111111111111111
1111111111111111111111111111111111111125555211111111111111111113555554321122355555311111111455555322112345555521111111111111111111111111111111111111111111111111
1111111111111111111111111111111111111112555531111111111111111111135555555555555542111111111124555555555555553111111111111111111111111111111111111111111111111111
1111111111111111111111111111111111111111255554111111111111111111111234555555432111111111111111124455555543211111111111111111111111111111111111111111111111111111
1111111111111111111111111111111111111111114555521111111111111111111111111111111111111111111111111111111111111111111111111111111111111111111111111111111111111111
1111111111111111111111111111111111111111111355554211111111111111111111111111111111111111111111111111111111111111111111111111111111111111111111111111111111111111
1111111111111111111111111111111111111111111114555542111111111111111111111111111111111111111111111111111111111111111111111111111111111111111111111111111111111111
1111111111111111111111111111111111111111111111245555421111111111111111111111111111111111111111111111111111111111111111111111111111111111111111111111111111111111
1111111111111111111111111111111111111111111111112455555311111111111111111111111111111111111111111111111111111111111111111111111111111111111111111111111111111111
1111111111111111111111111111111111111111111111111124555554311111111111111111111111111111111111111111111111111111111111111111111111111111111111111111111111111111
1111111111111111111111111111111111111111111111111111134555555321111111111111111111111111111111111111111111111111111111111111111111111111111111111111111111111111
1111111111111111111111111111111111111111111111111111111134555555543211111111111111111111111111111111111111111111111111111111111111111111111111111111111111111111
1111111111111111111111111111111111111111111111111111111111123455555555443332221111111111111111111111111111111111111111111111111111111111111111111111111111111111
1111111111111111111111111111111111111111111111111111111111111112344555555555555531111111111111111111111111111111111111111111111111111111111111111111111111111111
1111111111111111111111111111111111111111111111111111111111111111111112233444555521111111111111111111111111111111111111111111111111111111111111111111111111111111
1111111111111111111111111111111111111111111111111111111111111111111111111111111111111111111111111111111111111111111111111111111111111111111111111111111111111111
1111111111111111111111111111111111111111111111111111111111111111111111111111111111111111111111111111111111111111111111111111111111111111111111111111111111111111
1111111111111111111111111111111111111111111111111111111111111111111111111111111111111111111111111111111111111111111111111111111111111111111111111111111111111111
1111111111111111111111111111111111111111111111111111111111111111111111111111111111111111111111111111111111111111111111111111111111111111111111111111111111111111
1111111111111111111111111111111111111111111111111111111111111111111111111111111111111111111111111111111111111111111111111111111111111111111111111111111111111111
1111111111111111111111111111111111111111111111111111111111111111111111111111111111111111111111111111111111111111111111111111111111111111111111111111111111111111
1111111111111111111111111111111111111111111111111111111111111111111111111111111111111111111111111111111111111111111111111111111111111111111111111111111111111111
1111111111111111111111111111111111111111111111111111111111111111111111111111111111111111111111111111111111111111111111111111111111111111111111111111111111111111
1111111111111111111111111111111111111111111111111111111111111111111111111111111111111111111111111111111111111111111111111111111111111111111111111111111111111111
1111111111111111111111111111111111111111111111111111111111111111111111111111111111111111111111111111111111111111111111111111111111111111111111111111111111111111
1111111111111111111111111111111111111111111111111111111111111111111111111111111111111111111111111111111111111111111111111111111111111111111111111111111111111111
1111111111111111111111111111111111111111111111111111111111111111111111111111111111111111111111111111111111111111111111111111111111111111111111111111111111111111
1111111111111111111111111111111111111111111111111111111111111111111111111111111111111111111111111111111111111111111111111111111111111111111111111111111111111111
1111111111111111111111111111111111111111111111111111111111111111111111111111111111111111111111111111111111111111111111111111111111111111111111111111111111111111
1111111111111111111111111111111111111111111111111111111111111111111111111111111111111111111111111111111111111111111111111111111111111111111111111111111111111111
1111111111111111111111111111111111111111111111111111111111111111111111111111111111111111111111111111111111111111111111111111111111111111111111111111111111111111
1111111111111111111111111111111111111111111111111111111111111111111111111111111111111111111111111111111111111111111111111111111111111111111111111111111111111111
1111111111111111111111111111111111111111111111111111111111111111111111111111111111111111111111111111111111111111111111111111111111111111111111111111111111111111