1111111111111111111111111111111111111111111111111111111111111111111111111111111111111111111111111111
1111111111111111111111111111111111111111111111111111111111111111111111111111111111111111111111111111
1111111111111111111111111111111111111111111111222222221111111111111111111111111111111111111111111111
1111111111111111111111111111111111111233445555555555555555443321111111111111111111111111111111111111
1111111111111111111111111111111123455555555554444444444555555555543211111111111111111111111111111111
1111111111111111111111111111234555555443221111111111111111223445555554321111111111111111111111111111
1111111111111111111111111245555544321111111111111111111111111111234555555321111111111111111111111111
1111111111111111111111135555543111111111111111111111111111111111111123455554311111111111111111111111
1111111111111111111124555543111111111111111111111111111111111111111111113455554211111111111111111111
1111111111111111112455553211111111111111111111111111111111111111111111111124555542111111111111111111
1111111111111111145555311111111111111111111111111111111111111111111111111111135555311111111111111111
1111111111111113555531111111111111111111111111111111111111111111111111111111111355552111111111111111
1111111111111145554211111111111111111111111111111111111111111111111111111111111124555411111111111111
1111111111112555531111111234444444321111111111111112344444443211111111111111111111355542111111111111
1111111111125555211111245555555555554311111111111355555555555554211111111111111111125555211111111111
1111111111355541111114555543211223455552111111135555432111234555531111111111111111111455521111111111
1111111112555411111155553111111111124555311111355542111111111145554111111111111111111145552111111111
1111111125554111111455521111111111111455521112555411111111111113555311111111111111111115555111111111
1111111155551111112555311111111111111255531114555111111111111111455511111111111111111112555411111111
1111111455521111112555211111111111111155541114554111111111111111355511111111111111111111355531111111
1111112555411111111555411111111111111255531114555111111111111111455511111111111111111111145551111111
1111114555111111111455531111111111111555511112555411111111111113555311111111111111111111125553111111
1111115553111111111145553211111111135555211111355542111111111245554111111111111111111111245555111111
1111135552111111111114555543222234555542111111125555543222235555531111111111111111111345555543111111
1111145551111111111111235555555555554311111111111345555555555543111111111111111112345555543111111111
1111155541111111111111111355555555421111111111111113555555555311111111111111112455555542111111111111
1111155531111111111111345555544555554321111111112345555545555554211111111123455555432111111111111111
1111155531111111112345555543211124555555321112455555532111234555554311123455555431111111111111111111
1111155531111112345555543111111111123455555455555432111111111134555554555555421111111111111111111111
1111155541112455555532111111111111111135555555553111111111111111245555555531111111111111111111111111
1111145553455555432111111111111111123555555555555531111111111134555555555555421111111111111111111111
1111135555555431111111111111111111355554322122345555311111112555554221123455554111111111111111111111
1111115555321111111111111111111114555421111111112455531111135555211111111113555511111111111111111111
1111114555111111111111111111111135553111111111111145552111255541111111111111255541111111111111111111
1111112555411111111111111111111155541111111111111115554111355521111111111111135551111111111111111111
1111111355521111111111111111111155531111111111111114554111455511111111111111125552111111111111111111
1111111145551111111111111111111155541111111111111115554111355521111111111111135551111111111111111111
1111111125554111111111111111111135553111111111111145552111255541111111111111255541111111111111111111
1111111112555411111111111111111114555421111111112455531111125555211111111113555411111111111111111111
1111111111255541111111111111111111355554322222345555311111112555554222223455554111111111111111111111
1111111111125555211111111111111111113555555555555431111111111134555555555555421111111111111111111111
1111111111112555531111111111111111111123344444332111111111111111123444444321111111111111111111111111
1111111111111145554211111111111111111111111111111111111111111111111111111111111111111111111111111111
1111111111111112555531111111111111111111111111111111111111111111111111111111111111111111111111111111
1111111111111111135555311111111111111111111111111111111111111111111111111111111111111111111111111111
1111111111111111112455554211111111111111111111111111111111111111111111111111111111111111111111111111
1111111111111111111123555543111111111111111111111111111111111111111111111111111111111111111111111111
1111111111111111111111134555543211111111111111111111111111111111111111111111111111111111111111111111
1111111111111111111111111234555554321111111111111111111111111111111111111111111111111111111111111111
1111111111111111111111111111234555555443221111111111111111111111111111111111111111111111111111111111
1111111111111111111111111111111123445555555555444421111111111111111111111111111111111111111111111111
1111111111111111111111111111111111111223444555555521111111111111111111111111111111111111111111111111
1111111111111111111111111111111111111111111111112211111111111111111111111111111111111111111111111111
1111111111111111111111111111111111111111111111111111111111111111111111111111111111111111111111111111
1111111111111111111111111111111111111111111111111111111111111111111111111111111111111111111111111111