1111111111111111111111111111111111111111111111111111111111111111111111111111111111111111111111111111111111111111111111111111111111111111111111111111111111111111
1111111111111111111111111111111111111111111111111111111111111111111111111111111111111111111111111111111111111111111111111111111111111111111111111111111111111111
1111111111111111111111111111111111111111111111111111111111111111111111111111111111111111111111111111111111111111111111111111111111111111111111111111111111111111
1111111111111111111111111111111111111111111111111111111111111111111111111111111111111111111111111111111111111111111111111111111111111111111111111111111111111111
1111111111111111111111111111111111111111111111111111111111111111111111111111111111111111111111111111111111111111111111111111111111111111111111111111111111111111
1111111111111111111111111111111111111111111111111111111111111111111111111111111111111111111111111111111111111111111111111111111111111111111111111111111111111111
1111111111111111111111111111111111111111111111111111111111111111111111111111111111111111111111111111111111111111111111111111111111111111111111111111111111111111
1111111111111111111111111111111111111111111111111111111111111111111111111111111111111111111111111111111111111111111111111111111111111111111111111111111111111111
1111111111111111111111111111111111111111111111111111111111111111111111111111111111111111111111111111111111111111111111111111111111111111111111111111111111111111
1111111111111111111111111111111111111111111111111111111111111111111111111111111221111111111111111111111111111111111111111111111111111111111111111111111111111111
1111111111111111111111111111111111111111111111111111111111111111111111111111244444421111111111111111111111111111111111111111111111111111111111111111111111111111
1111111111111111111111111111111111111111111111111111111111111111111111111112444444442111111111111111111111111111111111111111111111111111111111111111111111111111
1111111111111111111111111111111111111111111111111111111111111111111111111112544444452111111111111111111111111111111111111111111111111111111111111111111111111111
1111111111111111111111111111111111111111111111111111111111111111111111111111344444431111111111111111111111111111111111111111111111111111111111111111111111111111
1111111111111111111111111111111111111111111111111111111111111111111111111111112332111111111111111111111111111111111111111111111111111111111111111111111111111111
1111111111111111111111111111111111111111111111111111111111113444432111111111111111111111111112344443111111111111111111111111111111111111111111111111111111111111
1111111111111111111111111111111111111111111111111111111111144444444211111111111111111111111124444444411111111111111111111111111111111111111111111111111111111111
1111111111111111111111111111111111111111111111111111111111244444444311111111111111111111111144444444411111111111111111111111111111111111111111111111111111111111
1111111111111111111111111111111111111111111111111111111111134444444211111111111111111111123444444444311111111111111111111111111111111111111111111111111111111111
1111111111111111111111111111111111111111111111111111111111112344431111111111111111111123445432344432111111111111111111111111111111111111111111111111111111111111
1111111111111111111111111111111111111111111123332111111111111111111111111111123333223455432111111111111111111112333211111111111111111111111111111111111111111111
1111111111111111111111111111111111111111112444444421111111111111111111111111344444444432111111111111111111111244444442111111111111111111111111111111111111111111
1111111111111111111111111111111111111111114444444441111111111111111111111112544444443111111111111111111111111444444444111111111111111111111111111111111111111111
1111111111111111111111111111111111111111113444444441111111111111111111111124444444442111111111111111111111111444444453111111111111111111111111111111111111111111
1111111111111111111111111111111111111111111344444311111111111111111111134454434444421111111111111111111111111134444431111111111111111111111111111111111111111111
1111111111111111111111111111222211111111111114441111111111111122211234454321111111111111111111122211111111111111111111111111111122221111111111111111111111111111
1111111111111111111111111134444442111111111114441111111111124444444454321111111111111111111113444444211111111111111111111111112444444311111111111111111111111111
1111111111111111111111111354444444111111111114441111111111144444444421111111111111111111111135444444411111111111111111111111124444444531111111111111111111111111
1111111111111111111111111354444444211111111114441111111111144444445311111111111111111111111134444444421111111111111111111111124444444531111111111111111111111111
1111111111111111111111111134444442111111111114441111111111124444443111111111111111111111111113444444454321111111111111111111112444444311111111111111111111111111
1111111111111111111111111111233211111111111114441111111111111223211111111111111111111111111111123221134454421111111111111111111123321111111111111111111111111111
1111111111111111111111111111111111111111111244444211111111111111111111111111134444311111111111111111111124454434444421111111111111111111111111111111111111111111
1111111111111111111111111111111111111111113444444431111111111111111111111112444444441111111111111111111111123444444443111111111111111111111111111111111111111111
1111111111111111111111111111111111111111114444444441111111111111111111111113544444452111111111111111111111111444444444111111111111111111111111111111111111111111
1111111111111111111111111111111111111111112444444431111111111111111111111111444444441111111111111111111111111344444444432111111111111111111111111111111111111111
1111111111111111111111111111111111111111111134443211111111111111111111111111123443211111111111111111111111111123443323445432111111111111111111111111111111111111
1111111111111111111111111112343321111111111114441111111111112334321111111111111111111111111111234332111111111111111111123445432233332111111111111111111111111111
1111111111111111111111111144444443111111111114441111111111134444444211111111111111111111111124444444311111111111111111111113444444444411111111111111111111111111
1111111111111111111111111344444445211111111114441111111111244444444311111111111111111111111144444444411111111111111111111111124444444431111111111111111111111111
1111111111111111111111111244444444111111111114441111111111144444444211111111111111111111111134444444411111111111111111111111114444444421111111111111111111111111
1111111111111111111111111124444431111111111114441111111111113444442111111111111111111111111112444443111111111111111111111111111344444211111111111111111111111111
1111111111111111111111111111111111111111111124442111111111111111111111111111111111111111111111111111111111111112222111111111111111111111111111111111111111111111
1111111111111111111111111111111111111111111444444421111111111111111111111111111111111111111111111111111111111244444441111111111111111111111111111111111111111111
1111111111111111111111111111111111111111114444444441111111111111111111111111111111111111111111111111111111111444444444111111111111111111111111111111111111111111
1111111111111111111111111111111111111111114444444441111111111111111111111111111111111111111111111111111111111444444444111111111111111111111111111111111111111111
1111111111111111111111111111111111111111111444444411111111111111111111111111111111111111111111111111111111111244444431111111111111111111111111111111111111111111
1111111111111111111111111111111111111111111112221111111111111111111111111111111111111111111111111111111111111112444111111111111111111111111111111111111111111111
1111111111111111111111111124444431111111111111111111111111113444442111111111111111111111111112444443111111111111444111111111111344444211111111111111111111111111
1111111111111111111111111244444444111111111111111111111111144444444311111111111111111111111134444444411111111111444111111111114444444421111111111111111111111111
1111111111111111111111111344444444211111111111111111111111144444444311111111111111111111111144444444411111111111444111111111125444444431111111111111111111111111
1111111111111111111111111144444444443211111111111111111111134444444211111111111111111111111124444444311111111111444111111111113444444411111111111111111111111111
1111111111111111111111111112333322345443211111111111111111112333321111111111111111111111111111233332111111111111444111111111111233332111111111111111111111111111
1111111111111111111111111111111111112345443234443211111111111111111111111111123443211111111111111111111111111123444311111111111111111111111111111111111111111111
1111111111111111111111111111111111111112344444444431111111111111111111111111444444441111111111111111111111111344444442111111111111111111111111111111111111111111
1111111111111111111111111111111111111111114444444441111111111111111111111113544444452111111111111111111111111444444444111111111111111111111111111111111111111111
1111111111111111111111111111111111111111113444444444211111111111111111111112444444441111111111111111111111111344444443111111111111111111111111111111111111111111
1111111111111111111111111111111111111111111244444344544311111111111111111111134444311111111111111111111111111124444421111111111111111111111111111111111111111111
1111111111111111111111111111233211111111111111111111244544321233221111111111111111111111111111223321111111111111444111111111111123321111111111111111111111111111
1111111111111111111111111134444442111111111111111111111234544444443111111111111111111111111114444444211111111111444111111111113444444311111111111111111111111111
1111111111111111111111111354444444211111111111111111111111244444444311111111111111111111111134444444411111111111444111111111124444444531111111111111111111111111
1111111111111111111111111354444444111111111111111111111111144444445311111111111111111111111244444444411111111111444111111111124444444531111111111111111111111111
1111111111111111111111111134444442111111111111111111111111124444443111111111111111111111234544444444211111111111444111111111112444444311111111111111111111111111
1111111111111111111111111111222111111111111111211111111111111122211111111111111221111244544311122211111111111111444111111111111122221111111111111111111111111111
1111111111111111111111111111111111111111111344444311111111111111111111111111244444444544211111111111111111111134444431111111111111111111111111111111111111111111
1111111111111111111111111111111111111111113444444441111111111111111111111112444444444211111111111111111111111444444443111111111111111111111111111111111111111111
1111111111111111111111111111111111111111114444444441111111111111111111111113444444452111111111111111111111111444444444111111111111111111111111111111111111111111
1111111111111111111111111111111111111111112444444421111111111111111111112344444444431111111111111111111111111244444442111111111111111111111111111111111111111111
1111111111111111111111111111111111111111111123332111111111111111111112345443223333211111111111111111111111111112333211111111111111111111111111111111111111111111
1111111111111111111111111111111111111111111111111111111111112344432345443211111111111111111111344432111111111111111111111111111111111111111111111111111111111111
1111111111111111111111111111111111111111111111111111111111134444444443111111111111111111111124444444311111111111111111111111111111111111111111111111111111111111
1111111111111111111111111111111111111111111111111111111111244444444411111111111111111111111144444444411111111111111111111111111111111111111111111111111111111111
1111111111111111111111111111111111111111111111111111111111144444444211111111111111111111111124444444411111111111111111111111111111111111111111111111111111111111
1111111111111111111111111111111111111111111111111111111111113444432111111111111111111111111112344442111111111111111111111111111111111111111111111111111111111111
1111111111111111111111111111111111111111111111111111111111111111111111111111112332111111111111111111111111111111111111111111111111111111111111111111111111111111
1111111111111111111111111111111111111111111111111111111111111111111111111111344444431111111111111111111111111111111111111111111111111111111111111111111111111111
1111111111111111111111111111111111111111111111111111111111111111111111111112544444452111111111111111111111111111111111111111111111111111111111111111111111111111
1111111111111111111111111111111111111111111111111111111111111111111111111112444444442111111111111111111111111111111111111111111111111111111111111111111111111111
1111111111111111111111111111111111111111111111111111111111111111111111111111244444421111111111111111111111111111111111111111111111111111111111111111111111111111
1111111111111111111111111111111111111111111111111111111111111111111111111111111221111111111111111111111111111111111111111111111111111111111111111111111111111111
1111111111111111111111111111111111111111111111111111111111111111111111111111111111111111111111111111111111111111111111111111111111111111111111111111111111111111
1111111111111111111111111111111111111111111111111111111111111111111111111111111111111111111111111111111111111111111111111111111111111111111111111111111111111111
1111111111111111111111111111111111111111111111111111111111111111111111111111111111111111111111111111111111111111111111111111111111111111111111111111111111111111
1111111111111111111111111111111111111111111111111111111111111111111111111111111111111111111111111111111111111111111111111111111111111111111111111111111111111111
1111111111111111111111111111111111111111111111111111111111111111111111111111111111111111111111111111111111111111111111111111111111111111111111111111111111111111
1111111111111111111111111111111111111111111111111111111111111111111111111111111111111111111111111111111111111111111111111111111111111111111111111111111111111111
1111111111111111111111111111111111111111111111111111111111111111111111111111111111111111111111111111111111111111111111111111111111111111111111111111111111111111
1111111111111111111111111111111111111111111111111111111111111111111111111111111111111111111111111111111111111111111111111111111111111111111111111111111111111111
1111111111111111111111111111111111111111111111111111111111111111111111111111111111111111111111111111111111111111111111111111111111111111111111111111111111111111